125
5 174
14 173
31 175
44 174
60 174
80 173
92 174
110 174
125 174
139 172
158 173
173 173
189 173
200 173
212 172
225 171
243 172
261 175
275 175
289 175
303 173
320 173
330 172
342 171
351 171
365 170
375 169
390 169
404 169
414 169
425 169
434 169
446 168
457 167
472 166
478 166
490 166
499 172
503 176
507 180
512 187
514 194
514 200
516 210
517 217
517 226
517 235
517 242
517 246
515 250
512 256
507 258
498 261
497 261
489 263
480 264
470 265
456 267
437 268
427 268
412 269
401 269
390 269
377 269
367 269
355 270
344 270
329 270
313 269
302 269
290 269
277 269
261 269
253 268
242 268
227 268
207 268
189 268
168 269
153 269
136 269
124 269
111 269
93 270
89 272
86 275
84 282
84 287
83 297
83 299
80 316
82 321
84 332
84 348
87 356
90 357
100 361
103 361
111 362
129 362
142 363
154 365
175 366
192 365
212 364
230 364
258 366
277 367
291 366
303 366
321 367
344 368
363 368
375 368
389 368
403 368
414 369
436 368
446 368
456 368
463 368
476 367
482 366
492 366
494 366