157
2 20
12 20
26 20
34 20
42 22
46 21
56 21
65 21
73 21
80 21
86 21
95 21
101 21
116 21
121 21
130 21
134 21
142 21
154 22
164 23
172 23
183 23
195 23
206 23
223 25
245 25
252 24
275 24
289 25
300 24
312 24
322 25
333 24
341 24
358 25
367 25
379 26
388 25
405 27
422 27
437 27
448 28
460 29
472 29
485 31
494 31
502 33
516 38
526 44
533 51
536 56
540 61
542 67
543 72
543 77
543 81
541 88
537 94
527 98
509 101
489 102
462 103
450 103
430 103
412 103
394 101
373 101
352 98
333 98
314 98
280 97
261 97
240 98
209 96
195 97
176 97
158 97
140 97
117 97
100 98
77 99
59 101
59 103
55 107
50 111
49 119
47 126
44 134
43 143
39 154
36 166
34 189
31 202
31 209
30 223
30 237
29 250
29 262
29 275
29 286
29 296
32 298
39 301
51 302
62 302
71 300
80 299
88 298
93 296
98 283
101 274
102 266
103 255
106 244
107 234
108 220
109 207
109 198
110 190
112 180
114 169
119 162
123 158
131 154
140 154
160 161
168 170
171 182
173 199
174 214
180 234
188 243
194 246
205 247
214 247
235 246
239 245
250 244
259 240
262 237
275 234
288 234
295 232
316 231
322 230
338 229
345 230
357 230
372 230
383 231
401 234
411 238
422 242
435 249
442 252
449 253
452 253